steps = [0.0, 1000.0, 2000.0, 3000.0, 4000.0, 5000.0, 6000.0, 7000.0, 8000.0, 9000.0, 10000.0, 11000.0, 12000.0, 13000.0, 14000.0, 15000.0, 16000.0, 17000.0, 18000.0, 19000.0, 20000.0, 21000.0, 22000.0, 23000.0];
result = [196.9602252626629, 306.6512335793775, 398.44209104152003, 690.9071857110896, 587.0911568658108, 559.5834845695665, 702.1572222613702, 845.8321337967927, 789.8438340026145, 713.8644366688767, 736.7284453599996, 720.9885425911576, 683.6910974706145, 655.6058030698674, 664.8671932284462, 627.0408479926438, 713.2434574566972, 720.1756131461847, 747.4333714144486, 861.36809168888, 1035.2073689755455, 1123.7627223637053, 1150.4164131862706, 3210.9234008962358];
